time	I(D)	I(L1)	I(a)
0.000000000000000e+000	4.500000e-002	-5.661430e+001	-5.659930e+001
8.500000000002256e-005	4.500000e-002	-5.472013e+001	-5.470513e+001
9.500000000002562e-005	2.373413e+001	-5.443909e+001	-5.442409e+001
1.050000000000287e-004	7.126723e+001	-5.397205e+001	-5.395705e+001
1.150000000000317e-004	9.542026e+001	-5.331976e+001	-5.330475e+001
1.692857142857627e-004	9.873584e+001	-4.949258e+001	-4.947758e+001
2.235714285714936e-004	1.019838e+002	-4.574347e+001	-4.572847e+001
2.778571428572245e-004	1.051641e+002	-4.207242e+001	-4.205742e+001
3.321428571429555e-004	1.082768e+002	-3.847944e+001	-3.846444e+001
3.864285714286864e-004	1.113219e+002	-3.496453e+001	-3.494953e+001
4.407142857144173e-004	1.142993e+002	-3.152768e+001	-3.151268e+001
4.950000000001481e-004	1.172091e+002	-2.816889e+001	-2.815389e+001
5.050000000001512e-004	1.245382e+002	-2.768208e+001	-2.080730e+001
5.150000000001542e-004	1.386373e+002	-2.757146e+001	-6.879805e+000
5.250000000001573e-004	1.458808e+002	-2.783554e+001	7.499722e-003
5.650000000001695e-004	1.475308e+002	-2.937640e+001	7.499707e-003
6.050000000001818e-004	1.491556e+002	-3.089371e+001	7.499692e-003
6.450000000001940e-004	1.507552e+002	-3.238749e+001	7.499677e-003
6.850000000002063e-004	1.523296e+002	-3.385772e+001	7.499662e-003
7.250000000002185e-004	1.538788e+002	-3.530441e+001	7.499647e-003
7.650000000002309e-004	1.554027e+002	-3.672756e+001	7.499633e-003
8.050000000002430e-004	1.569015e+002	-3.812717e+001	7.499619e-003
8.150000000002461e-004	1.178733e+002	-3.841144e+001	7.499617e-003
8.250000000002492e-004	3.935202e+001	-3.850745e+001	7.499616e-003
8.350000000002522e-004	4.500000e-002	-3.841594e+001	7.499617e-003
9.523809523810170e-004	4.500000e-002	-3.665206e+001	7.499634e-003
1.087380952381055e-003	4.500000e-002	-3.472359e+001	7.499653e-003
1.097380952381058e-003	3.524568e+001	-3.464721e+001	7.499654e-003
1.107380952381061e-003	1.057559e+002	-3.475826e+001	7.499653e-003
1.117380952381064e-003	1.412826e+002	-3.505599e+001	7.499650e-003
1.327380952381128e-003	1.500338e+002	-4.229955e+001	7.499577e-003
1.337380952381131e-003	1.397552e+002	-4.250477e+001	-1.060550e+001
1.347380952381135e-003	1.188404e+002	-4.233492e+001	-3.166433e+001
1.357380952381138e-003	1.086864e+002	-4.179150e+001	-4.177650e+001
1.424523809524015e-003	1.124231e+002	-3.737799e+001	-3.736299e+001
1.491666666666893e-003	1.160669e+002	-3.307420e+001	-3.305920e+001
1.558809523809771e-003	1.196178e+002	-2.888016e+001	-2.886516e+001
1.625952380952649e-003	1.230758e+002	-2.479584e+001	-2.478084e+001
1.693095238095526e-003	1.264409e+002	-2.082126e+001	-2.080626e+001
1.760238095238404e-003	1.297131e+002	-1.695641e+001	-1.694141e+001
1.827380952381282e-003	1.328924e+002	-1.320130e+001	-1.318630e+001
1.837380952381285e-003	9.991447e+001	-1.271192e+001	-1.269692e+001
1.847380952381288e-003	3.337375e+001	-1.241162e+001	-1.239662e+001
1.857380952381291e-003	4.500000e-002	-1.229965e+001	-1.228465e+001
1.904761904761972e-003	4.500000e-002	-1.206846e+001	-1.205346e+001
1.949761904761982e-003	4.500000e-002	-1.185301e+001	-1.183801e+001
1.959761904761985e-003	3.189669e+001	-1.174327e+001	-1.172827e+001
1.969761904761988e-003	9.572229e+001	-1.144684e+001	-1.143184e+001
1.979761904761991e-003	1.279402e+002	-1.096447e+001	-1.094947e+001
2.009761904762000e-003	1.293946e+002	-9.343094e+000	-9.328094e+000
2.039761904762009e-003	1.308322e+002	-7.740512e+000	-7.725511e+000
2.069761904762019e-003	1.322529e+002	-6.156726e+000	-6.141725e+000
2.099761904762028e-003	1.336568e+002	-4.591736e+000	-4.576735e+000
2.129761904762037e-003	1.350438e+002	-3.045542e+000	-3.030542e+000
2.159761904762046e-003	1.364140e+002	-1.518144e+000	-1.503144e+000
2.189761904762055e-003	1.377673e+002	-9.542916e-003	5.457092e-003
2.209761904762062e-003	1.386608e+002	9.865412e-001	1.001541e+000
2.255476190476361e-003	1.406749e+002	3.231777e+000	3.246776e+000
2.301190476190661e-003	1.426541e+002	5.438065e+000	5.453065e+000
2.346904761904961e-003	1.445983e+002	7.605407e+000	7.620406e+000
2.392619047619260e-003	1.465076e+002	9.733802e+000	9.748801e+000
2.438333333333560e-003	1.483819e+002	1.182325e+001	1.183825e+001
2.484047619047860e-003	1.502213e+002	1.387375e+001	1.388875e+001
2.529761904762160e-003	1.520258e+002	1.588531e+001	1.590030e+001
2.539761904762163e-003	1.482901e+002	1.619608e+001	1.214519e+001
2.549761904762166e-003	1.404429e+002	1.613136e+001	4.089691e+000
2.559761904762169e-003	1.367535e+002	1.569265e+001	7.500158e-003
2.619761904762187e-003	1.394369e+002	1.235588e+001	7.500124e-003
2.629761904762190e-003	1.048097e+002	1.186988e+001	7.500120e-003
2.639761904762193e-003	3.500332e+001	1.157295e+001	7.500116e-003
2.649761904762196e-003	4.500000e-002	1.146433e+001	7.500115e-003
2.857142857142926e-003	4.500000e-002	1.055079e+001	7.500106e-003
3.092142857142995e-003	4.500000e-002	9.603341e+000	7.500097e-003
3.102142857142998e-003	2.909132e+001	9.502591e+000	7.500096e-003
3.112142857143001e-003	8.731738e+001	9.215118e+000	7.500092e-003
3.122142857143004e-003	1.188776e+002	8.866420e+000	2.185926e+000
3.132142857143007e-003	1.237218e+002	8.825562e+000	6.748862e+000
3.141306456249264e-003	1.262061e+002	9.131234e+000	9.146234e+000
3.227020741963576e-003	1.303645e+002	1.302562e+001	1.304062e+001
3.312735027677888e-003	1.343936e+002	1.679894e+001	1.681394e+001
3.398449313392200e-003	1.382934e+002	2.045120e+001	2.046619e+001
3.484163599106512e-003	1.420639e+002	2.398239e+001	2.399739e+001
3.569877884820824e-003	1.457052e+002	2.739252e+001	2.740752e+001
3.655592170535136e-003	1.492172e+002	3.068159e+001	3.069659e+001
3.741306456249448e-003	1.525999e+002	3.384960e+001	3.386460e+001
3.751306456249451e-003	1.146557e+002	3.415096e+001	3.416596e+001
3.761306456249454e-003	3.828093e+001	3.426400e+001	3.427900e+001
3.771306456249457e-003	4.500000e-002	3.418945e+001	3.420445e+001
3.809523809523881e-003	4.500000e-002	3.367013e+001	3.368513e+001
3.844523809523888e-003	4.500000e-002	3.320170e+001	3.321670e+001
3.854523809523891e-003	3.683076e+001	3.313140e+001	3.314640e+001
3.864523809523894e-003	1.105048e+002	3.324851e+001	3.326351e+001
3.874523809523897e-003	1.475976e+002	3.355227e+001	3.356727e+001
3.951666666666778e-003	1.506992e+002	3.632381e+001	3.633881e+001
4.028809523809658e-003	1.537132e+002	3.901706e+001	3.903206e+001
4.105952380952540e-003	1.566395e+002	4.163202e+001	4.164702e+001
4.183095238095421e-003	1.594783e+002	4.416870e+001	4.418370e+001
4.260238095238301e-003	1.622294e+002	4.662708e+001	4.664208e+001
4.337380952381182e-003	1.648929e+002	4.900718e+001	4.902218e+001
4.414523809524062e-003	1.674688e+002	5.130899e+001	5.132399e+001
4.424523809524066e-003	1.388140e+002	5.166534e+001	5.168034e+001
4.434523809524069e-003	8.128986e+001	5.220738e+001	5.222238e+001
4.444523809524072e-003	5.297939e+001	5.293439e+001	5.294939e+001
4.554523809524105e-003	6.145983e+001	6.141483e+001	6.142983e+001
4.564523809524108e-003	4.648298e+001	6.204267e+001	4.645111e+001
4.574523809524111e-003	1.558704e+001	6.229375e+001	1.555142e+001
4.584523809524115e-003	4.500000e-002	6.216957e+001	7.500622e-003
4.761904761904835e-003	4.500000e-002	5.790700e+001	7.500580e-003
4.926904761904882e-003	4.500000e-002	5.420517e+001	7.500543e-003
4.936904761904885e-003	1.361290e+001	5.411331e+001	1.357728e+001
4.946904761904888e-003	4.094399e+001	5.439608e+001	4.091212e+001
4.956904761904891e-003	5.509696e+001	5.505196e+001	5.506696e+001
5.116904761904940e-003	6.717899e+001	6.713399e+001	6.714899e+001
5.126904761904944e-003	8.614886e+001	6.780135e+001	6.781635e+001
5.136904761904947e-003	1.232831e+002	6.827892e+001	6.829391e+001
5.146904761904950e-003	1.420288e+002	6.856744e+001	6.858244e+001
5.215476190476400e-003	1.449422e+002	7.008972e+001	7.010472e+001
5.284047619047849e-003	1.477818e+002	7.157340e+001	7.158840e+001
5.352619047619299e-003	1.505476e+002	7.301850e+001	7.303349e+001
5.421190476190748e-003	1.532394e+002	7.442500e+001	7.443999e+001
5.489761904762198e-003	1.558575e+002	7.579291e+001	7.580790e+001
5.558333333333648e-003	1.584016e+002	7.712222e+001	7.713722e+001
5.626904761905097e-003	1.608719e+002	7.841295e+001	7.842795e+001
5.636904761905100e-003	1.208431e+002	7.853623e+001	7.855123e+001
5.646904761905103e-003	4.034065e+001	7.847190e+001	7.848690e+001
5.656904761905106e-003	4.500000e-002	7.822070e+001	7.823570e+001
5.714285714285783e-003	4.500000e-002	7.644373e+001	7.645873e+001
5.779285714285799e-003	4.500000e-002	7.448018e+001	7.449518e+001
5.789285714285802e-003	3.804621e+001	7.424493e+001	7.425993e+001
5.799285714285805e-003	1.141463e+002	7.419775e+001	7.421275e+001
5.809285714285808e-003	1.524400e+002	7.433788e+001	7.435287e+001
6.209285714285931e-003	1.668479e+002	8.181702e+001	8.183202e+001
6.219285714285934e-003	1.459157e+002	8.205146e+001	8.206646e+001
6.229285714285937e-003	1.038034e+002	8.247208e+001	8.248708e+001
6.239285714285940e-003	8.312315e+001	8.307816e+001	8.309315e+001
6.282142857143096e-003	8.595685e+001	8.591185e+001	8.592685e+001
6.325000000000252e-003	8.874431e+001	8.869932e+001	8.871431e+001
6.367857142857408e-003	9.148554e+001	9.144055e+001	9.145555e+001
6.410714285714565e-003	9.418054e+001	9.413554e+001	9.415054e+001
6.453571428571720e-003	9.682930e+001	9.678430e+001	9.679930e+001
6.496428571428876e-003	9.943182e+001	9.938683e+001	9.940183e+001
6.539285714286032e-003	1.019881e+002	1.019431e+002	1.019581e+002
6.549285714286035e-003	7.679810e+001	1.024090e+002	7.676623e+001
6.559285714286038e-003	2.567859e+001	1.024988e+002	2.564296e+001
6.569285714286041e-003	4.500000e-002	1.022139e+002	7.501023e-003
6.666666666666744e-003	4.500000e-002	9.830479e+001	7.500984e-003
6.751666666666767e-003	4.500000e-002	9.501576e+001	7.500951e-003
6.761666666666770e-003	2.373413e+001	9.476083e+001	2.369851e+001
6.771666666666773e-003	7.126724e+001	9.488116e+001	7.123537e+001
6.781666666666776e-003	9.542027e+001	9.537527e+001	9.539027e+001
6.835952380952507e-003	9.873585e+001	9.869086e+001	9.870585e+001
6.890238095238238e-003	1.019838e+002	1.019388e+002	1.019538e+002
6.944523809523969e-003	1.051641e+002	1.051191e+002	1.051341e+002
6.998809523809700e-003	1.082768e+002	1.082318e+002	1.082468e+002
7.053095238095431e-003	1.113219e+002	1.112769e+002	1.112919e+002
7.107380952381162e-003	1.142993e+002	1.142543e+002	1.142693e+002
7.161666666666892e-003	1.172091e+002	1.171641e+002	1.171791e+002
7.171666666666896e-003	1.245382e+002	1.176316e+002	1.176466e+002
7.181666666666899e-003	1.386373e+002	1.179100e+002	1.179250e+002
7.191666666666902e-003	1.458808e+002	1.180002e+002	1.180152e+002
7.231666666666914e-003	1.475308e+002	1.181094e+002	1.181244e+002
7.271666666666926e-003	1.491556e+002	1.182169e+002	1.182319e+002
7.311666666666938e-003	1.507552e+002	1.183227e+002	1.183377e+002
7.351666666666951e-003	1.523296e+002	1.184269e+002	1.184419e+002
7.391666666666963e-003	1.538788e+002	1.185294e+002	1.185444e+002
7.431666666666975e-003	1.554028e+002	1.186302e+002	1.186452e+002
7.471666666666987e-003	1.569015e+002	1.187294e+002	1.187443e+002
7.481666666666990e-003	1.178733e+002	1.186915e+002	1.187065e+002
7.491666666666993e-003	3.935202e+001	1.184667e+002	1.184817e+002
7.501666666666997e-003	4.500000e-002	1.180557e+002	1.180707e+002
7.619047619047692e-003	4.500000e-002	1.126351e+002	1.126501e+002
7.754047619047730e-003	4.500000e-002	1.067088e+002	1.067238e+002
7.764047619047733e-003	3.524568e+001	1.063447e+002	1.063597e+002
7.774047619047736e-003	1.057559e+002	1.061693e+002	1.061843e+002
7.784047619047739e-003	1.412827e+002	1.061817e+002	1.061967e+002
7.994047619047803e-003	1.500338e+002	1.076892e+002	1.077042e+002
8.004047619047806e-003	1.397552e+002	1.078203e+002	1.078353e+002
8.014047619047809e-003	1.188404e+002	1.081379e+002	1.081529e+002
8.024047619047812e-003	1.086864e+002	1.086414e+002	1.086564e+002
8.091190476190691e-003	1.124231e+002	1.123781e+002	1.123931e+002
8.158333333333568e-003	1.160669e+002	1.160220e+002	1.160370e+002
8.225476190476446e-003	1.196178e+002	1.195729e+002	1.195879e+002
8.292619047619323e-003	1.230758e+002	1.230309e+002	1.230459e+002
8.359761904762201e-003	1.264409e+002	1.263959e+002	1.264109e+002
8.426904761905080e-003	1.297131e+002	1.296681e+002	1.296831e+002
8.494047619047956e-003	1.328924e+002	1.328474e+002	1.328624e+002
8.504047619047959e-003	9.991447e+001	1.331898e+002	9.988260e+001
8.514047619047963e-003	3.337375e+001	1.331566e+002	3.333813e+001
8.524047619047966e-003	4.500000e-002	1.327492e+002	7.501328e-003
8.571428571428653e-003	4.500000e-002	1.302540e+002	7.501303e-003
8.616428571428664e-003	4.500000e-002	1.279286e+002	7.501280e-003
8.626428571428667e-003	3.189669e+001	1.275422e+002	3.186107e+001
8.636428571428670e-003	9.572229e+001	1.275315e+002	9.569041e+001
8.646428571428673e-003	1.279402e+002	1.278952e+002	1.279102e+002
8.676428571428682e-003	1.293946e+002	1.293496e+002	1.293646e+002
8.706428571428691e-003	1.308322e+002	1.307872e+002	1.308022e+002
8.736428571428700e-003	1.322530e+002	1.322080e+002	1.322230e+002
8.766428571428710e-003	1.336568e+002	1.336118e+002	1.336268e+002
8.796428571428719e-003	1.350439e+002	1.349988e+002	1.350139e+002
8.826428571428728e-003	1.364140e+002	1.363690e+002	1.363840e+002
8.856428571428737e-003	1.377673e+002	1.377223e+002	1.377373e+002
8.876428571428743e-003	1.386608e+002	1.386158e+002	1.386308e+002
8.922142857143043e-003	1.406749e+002	1.406299e+002	1.406449e+002
8.967857142857343e-003	1.426541e+002	1.426091e+002	1.426241e+002
9.013571428571643e-003	1.445983e+002	1.445533e+002	1.445683e+002
9.059285714285941e-003	1.465076e+002	1.464626e+002	1.464776e+002
9.105000000000241e-003	1.483819e+002	1.483369e+002	1.483519e+002
9.150714285714541e-003	1.502213e+002	1.501763e+002	1.501913e+002
9.196428571428841e-003	1.520258e+002	1.519808e+002	1.519958e+002
9.206428571428844e-003	1.482901e+002	1.523091e+002	1.523241e+002
9.216428571428847e-003	1.404429e+002	1.524490e+002	1.524640e+002
9.226428571428851e-003	1.367535e+002	1.524012e+002	1.524162e+002
9.286428571428869e-003	1.394369e+002	1.517478e+002	1.517628e+002
9.296428571428872e-003	1.048097e+002	1.515780e+002	1.515930e+002
9.306428571428875e-003	3.500333e+001	1.512218e+002	1.512368e+002
9.316428571428878e-003	4.500000e-002	1.506799e+002	1.506949e+002
9.523809523809601e-003	4.500000e-002	1.386729e+002	1.386879e+002
9.758809523809670e-003	4.500000e-002	1.262202e+002	1.262352e+002
9.768809523809673e-003	2.909132e+001	1.257782e+002	1.257932e+002
9.778809523809676e-003	8.731738e+001	1.255251e+002	1.255401e+002
9.788809523809679e-003	1.188776e+002	1.255225e+002	1.255375e+002
9.798809523809682e-003	1.237218e+002	1.257667e+002	1.257817e+002
9.807973121742621e-003	1.262061e+002	1.261611e+002	1.261761e+002
9.917973121742654e-003	1.315313e+002	1.314863e+002	1.315013e+002
9.927973121742657e-003	1.320039e+002	1.319589e+002	1.319739e+002
9.996544550314106e-003	1.351884e+002	1.351434e+002	1.351584e+002
1.006511597888556e-002	1.382921e+002	1.382471e+002	1.382621e+002
1.013368740745701e-002	1.413152e+002	1.412702e+002	1.412852e+002
1.020225883602846e-002	1.442574e+002	1.442125e+002	1.442274e+002
1.027083026459991e-002	1.471190e+002	1.470740e+002	1.470890e+002
1.033940169317136e-002	1.498998e+002	1.498548e+002	1.498698e+002
1.040797312174280e-002	1.525999e+002	1.525549e+002	1.525699e+002
1.041797312174281e-002	1.146557e+002	1.528186e+002	1.146238e+002
1.042797312174281e-002	3.828093e+001	1.527069e+002	3.824530e+001
1.043797312174281e-002	4.500000e-002	1.522215e+002	7.501523e-003
1.047619047619056e-002	4.500000e-002	1.499093e+002	7.501500e-003
1.051119047619057e-002	4.500000e-002	1.478237e+002	7.501479e-003
1.052119047619057e-002	3.683076e+001	1.473577e+002	3.679514e+001
1.053119047619058e-002	1.105048e+002	1.472679e+002	1.104729e+002
1.054119047619058e-002	1.475976e+002	1.475526e+002	1.475676e+002
1.061833333333346e-002	1.506992e+002	1.506542e+002	1.506692e+002
1.069547619047634e-002	1.537132e+002	1.536682e+002	1.536832e+002
1.077261904761922e-002	1.566395e+002	1.565945e+002	1.566095e+002
1.084976190476210e-002	1.594783e+002	1.594333e+002	1.594483e+002
1.092690476190498e-002	1.622294e+002	1.621844e+002	1.621994e+002
1.100404761904786e-002	1.648929e+002	1.648479e+002	1.648629e+002
1.108119047619074e-002	1.674688e+002	1.674238e+002	1.674388e+002
1.109119047619075e-002	1.388140e+002	1.676904e+002	1.677054e+002
1.110119047619075e-002	8.128986e+001	1.677689e+002	1.677838e+002
1.111119047619075e-002	5.297939e+001	1.676598e+002	1.676748e+002
1.122119047619079e-002	6.145983e+001	1.658163e+002	1.658313e+002
1.123119047619079e-002	4.648298e+001	1.655903e+002	1.656053e+002
1.124119047619079e-002	1.558704e+001	1.651781e+002	1.651931e+002
1.125119047619080e-002	4.500000e-002	1.645805e+002	1.645955e+002
1.142857142857151e-002	4.500000e-002	1.532962e+002	1.533112e+002
1.159357142857156e-002	4.500000e-002	1.434964e+002	1.435114e+002
1.160357142857156e-002	1.361290e+001	1.429854e+002	1.430004e+002
1.161357142857156e-002	4.094399e+001	1.426635e+002	1.426785e+002
1.162357142857157e-002	5.509696e+001	1.425301e+002	1.425451e+002
1.178357142857162e-002	6.717899e+001	1.414345e+002	1.414495e+002
1.179357142857162e-002	8.614886e+001	1.414307e+002	1.414457e+002
1.180357142857162e-002	1.232831e+002	1.416140e+002	1.416290e+002
1.181357142857163e-002	1.420288e+002	1.419838e+002	1.419988e+002
1.188214285714307e-002	1.449422e+002	1.448972e+002	1.449122e+002
1.195071428571452e-002	1.477818e+002	1.477368e+002	1.477518e+002
1.201928571428597e-002	1.505476e+002	1.505026e+002	1.505176e+002
1.208785714285742e-002	1.532394e+002	1.531945e+002	1.532094e+002
1.215642857142887e-002	1.558575e+002	1.558125e+002	1.558275e+002
1.222500000000032e-002	1.584016e+002	1.583566e+002	1.583716e+002
1.229357142857177e-002	1.608719e+002	1.608269e+002	1.608419e+002
1.230357142857178e-002	1.208431e+002	1.610575e+002	1.208113e+002
1.231357142857178e-002	4.034065e+001	1.609129e+002	4.030503e+001
1.232357142857178e-002	4.500000e-002	1.603947e+002	7.501605e-003
1.238095238095247e-002	4.500000e-002	1.567509e+002	7.501568e-003
1.244595238095249e-002	4.500000e-002	1.527246e+002	7.501528e-003
1.245595238095249e-002	3.804621e+001	1.522390e+002	3.801059e+001
1.246595238095249e-002	1.141463e+002	1.521297e+002	1.141144e+002
1.247595238095250e-002	1.524400e+002	1.523950e+002	1.524100e+002
1.287595238095262e-002	1.668479e+002	1.668029e+002	1.668179e+002
1.288595238095262e-002	1.459157e+002	1.670720e+002	1.670870e+002
1.289595238095263e-002	1.038034e+002	1.671529e+002	1.671679e+002
1.290595238095263e-002	8.312315e+001	1.670463e+002	1.670613e+002
1.294880952380978e-002	8.595685e+001	1.663293e+002	1.663443e+002
1.299166666666694e-002	8.874431e+001	1.656240e+002	1.656390e+002
1.303452380952410e-002	9.148554e+001	1.649304e+002	1.649454e+002
1.307738095238125e-002	9.418054e+001	1.642486e+002	1.642636e+002
1.312023809523841e-002	9.682930e+001	1.635784e+002	1.635934e+002
1.316309523809557e-002	9.943182e+001	1.629199e+002	1.629349e+002
1.320595238095272e-002	1.019881e+002	1.622731e+002	1.622881e+002
1.321595238095272e-002	7.679810e+001	1.620613e+002	1.620763e+002
1.322595238095273e-002	2.567859e+001	1.616632e+002	1.616782e+002
1.323595238095273e-002	4.500000e-002	1.610796e+002	1.610946e+002
1.333333333333342e-002	4.500000e-002	1.549191e+002	1.549341e+002
1.341833333333344e-002	4.500000e-002	1.497359e+002	1.497509e+002
1.342833333333345e-002	2.373413e+001	1.491999e+002	1.492149e+002
1.343833333333345e-002	7.126724e+001	1.488532e+002	1.488682e+002
1.344833333333345e-002	9.542027e+001	1.486950e+002	1.487100e+002
1.350261904761918e-002	9.873585e+001	1.481834e+002	1.481984e+002
1.355690476190491e-002	1.019838e+002	1.476823e+002	1.476973e+002
1.361119047619064e-002	1.051641e+002	1.471916e+002	1.472066e+002
1.366547619047638e-002	1.082768e+002	1.467113e+002	1.467263e+002
1.371976190476211e-002	1.113219e+002	1.462414e+002	1.462564e+002
1.377404761904784e-002	1.142993e+002	1.457820e+002	1.457970e+002
1.382833333333357e-002	1.172091e+002	1.453330e+002	1.453480e+002
1.383833333333357e-002	1.245382e+002	1.453137e+002	1.453287e+002
1.384833333333357e-002	1.386373e+002	1.454815e+002	1.454965e+002
1.385833333333358e-002	1.458808e+002	1.458358e+002	1.458508e+002
1.389833333333359e-002	1.475308e+002	1.474858e+002	1.475008e+002
1.393833333333360e-002	1.491556e+002	1.491106e+002	1.491256e+002
1.397833333333361e-002	1.507552e+002	1.507102e+002	1.507252e+002
1.401833333333363e-002	1.523296e+002	1.522846e+002	1.522996e+002
1.405833333333364e-002	1.538788e+002	1.538338e+002	1.538488e+002
1.409833333333365e-002	1.554028e+002	1.553578e+002	1.553728e+002
1.413833333333366e-002	1.569015e+002	1.568565e+002	1.568715e+002
1.414833333333367e-002	1.178733e+002	1.571030e+002	1.178414e+002
1.415833333333367e-002	3.935202e+001	1.569742e+002	3.931640e+001
1.416833333333367e-002	4.500000e-002	1.564717e+002	7.501565e-003
1.428571428571438e-002	4.500000e-002	1.492871e+002	7.501494e-003
1.442071428571442e-002	4.500000e-002	1.414324e+002	7.501415e-003
1.443071428571442e-002	3.524568e+001	1.409919e+002	3.521006e+001
1.444071428571443e-002	1.057559e+002	1.409276e+002	1.057240e+002
1.445071428571443e-002	1.412827e+002	1.412377e+002	1.412527e+002
1.466071428571449e-002	1.500338e+002	1.499888e+002	1.500038e+002
1.467071428571450e-002	1.397552e+002	1.503250e+002	1.503400e+002
1.468071428571450e-002	1.188404e+002	1.504728e+002	1.504878e+002
1.469071428571450e-002	1.086864e+002	1.504329e+002	1.504479e+002
1.475785714285738e-002	1.124231e+002	1.497561e+002	1.497711e+002
1.482500000000026e-002	1.160669e+002	1.490962e+002	1.491111e+002
1.489214285714314e-002	1.196178e+002	1.484530e+002	1.484680e+002
1.495928571428601e-002	1.230758e+002	1.478267e+002	1.478417e+002
1.502642857142889e-002	1.264409e+002	1.472172e+002	1.472322e+002
1.509357142857177e-002	1.297131e+002	1.466245e+002	1.466395e+002
1.516071428571465e-002	1.328924e+002	1.460487e+002	1.460637e+002
1.517071428571465e-002	9.991447e+001	1.459017e+002	1.459167e+002
1.518071428571465e-002	3.337375e+001	1.455682e+002	1.455832e+002
1.519071428571465e-002	4.500000e-002	1.450489e+002	1.450639e+002
1.523809523809533e-002	4.500000e-002	1.423225e+002	1.423375e+002
1.528309523809534e-002	4.500000e-002	1.397816e+002	1.397966e+002
1.529309523809534e-002	3.189669e+001	1.392855e+002	1.393004e+002
1.530309523809535e-002	9.572229e+001	1.389784e+002	1.389934e+002
1.531309523809535e-002	1.279402e+002	1.388596e+002	1.388746e+002
1.534309523809536e-002	1.293946e+002	1.386927e+002	1.387077e+002
1.537309523809537e-002	1.308322e+002	1.385277e+002	1.385427e+002
1.540309523809538e-002	1.322530e+002	1.383647e+002	1.383797e+002
1.543309523809539e-002	1.336568e+002	1.382036e+002	1.382186e+002
1.546309523809539e-002	1.350439e+002	1.380444e+002	1.380594e+002
1.549309523809540e-002	1.364140e+002	1.378872e+002	1.379022e+002
1.552309523809541e-002	1.377673e+002	1.377318e+002	1.377468e+002
1.554309523809542e-002	1.386608e+002	1.376293e+002	1.376443e+002
1.558880952380972e-002	1.406749e+002	1.373982e+002	1.374131e+002
1.563452380952402e-002	1.426541e+002	1.371710e+002	1.371860e+002
1.568023809523832e-002	1.445983e+002	1.369479e+002	1.369629e+002
1.572595238095262e-002	1.465076e+002	1.367288e+002	1.367438e+002
1.577166666666692e-002	1.483819e+002	1.365137e+002	1.365287e+002
1.581738095238122e-002	1.502213e+002	1.363026e+002	1.363176e+002
1.586309523809552e-002	1.520258e+002	1.360955e+002	1.361105e+002
1.587309523809552e-002	1.482901e+002	1.361130e+002	1.361280e+002
1.588309523809552e-002	1.404429e+002	1.363176e+002	1.363326e+002
1.589309523809553e-002	1.367535e+002	1.367085e+002	1.367235e+002
1.595309523809554e-002	1.394369e+002	1.393919e+002	1.394069e+002
1.596309523809555e-002	1.048097e+002	1.397081e+002	1.047779e+002
1.597309523809555e-002	3.500333e+001	1.396488e+002	3.496770e+001
1.598309523809555e-002	4.500000e-002	1.392156e+002	7.501393e-003
1.619047619047628e-002	4.500000e-002	1.281221e+002	7.501282e-003
1.642547619047635e-002	4.500000e-002	1.166169e+002	7.501167e-003
1.643547619047635e-002	2.909132e+001	1.162756e+002	2.905570e+001
1.644547619047636e-002	8.731739e+001	1.163100e+002	8.728551e+001
1.645547619047636e-002	1.188776e+002	1.166561e+002	1.166711e+002
1.646547619047636e-002	1.237218e+002	1.169412e+002	1.169562e+002
1.647463978821848e-002	1.262061e+002	1.170299e+002	1.170449e+002
1.656035407393279e-002	1.303645e+002	1.172939e+002	1.173089e+002
1.664606835964711e-002	1.343936e+002	1.175496e+002	1.175646e+002
1.673178264536142e-002	1.382934e+002	1.177972e+002	1.178122e+002
1.681749693107573e-002	1.420639e+002	1.180365e+002	1.180515e+002
1.690321121679004e-002	1.457052e+002	1.182677e+002	1.182827e+002
1.698892550250436e-002	1.492172e+002	1.184906e+002	1.185056e+002
1.707463978821867e-002	1.525999e+002	1.187053e+002	1.187203e+002
1.708463978821867e-002	1.146557e+002	1.186676e+002	1.186826e+002
1.709463978821867e-002	3.828093e+001	1.184429e+002	1.184579e+002
1.710463978821868e-002	4.500000e-002	1.180320e+002	1.180470e+002
1.714285714285723e-002	4.500000e-002	1.162391e+002	1.162541e+002
1.717785714285724e-002	4.500000e-002	1.146220e+002	1.146370e+002
1.718785714285724e-002	3.683076e+001	1.142263e+002	1.142413e+002
1.719785714285724e-002	1.105048e+002	1.140194e+002	1.140344e+002
1.720785714285725e-002	1.475976e+002	1.140004e+002	1.140154e+002
1.728500000000013e-002	1.506992e+002	1.143304e+002	1.143454e+002
1.736214285714301e-002	1.537132e+002	1.146511e+002	1.146661e+002
1.743928571428589e-002	1.566395e+002	1.149625e+002	1.149775e+002
1.751642857142877e-002	1.594783e+002	1.152646e+002	1.152796e+002
1.759357142857165e-002	1.622294e+002	1.155573e+002	1.155723e+002
1.767071428571453e-002	1.648929e+002	1.158408e+002	1.158558e+002
1.774785714285741e-002	1.674688e+002	1.161149e+002	1.161299e+002
1.775785714285742e-002	1.388140e+002	1.160251e+002	8.711679e+001
1.776785714285742e-002	8.128986e+001	1.155615e+002	2.904685e+001
1.777785714285742e-002	5.297939e+001	1.147254e+002	7.501148e-003
1.788785714285746e-002	6.145983e+001	1.044015e+002	7.501045e-003
1.789785714285746e-002	4.648298e+001	1.035477e+002	7.501036e-003
1.790785714285746e-002	1.558704e+001	1.028844e+002	7.501029e-003
1.791785714285746e-002	4.500000e-002	1.024109e+002	7.501025e-003
1.809523809523819e-002	4.500000e-002	9.538922e+001	7.500954e-003
1.826023809523823e-002	4.500000e-002	8.929126e+001	7.500893e-003
1.827023809523824e-002	1.361290e+001	8.887208e+001	7.500889e-003
1.828023809523824e-002	4.094399e+001	8.826744e+001	7.500883e-003
1.829023809523824e-002	5.509696e+001	8.747810e+001	7.500875e-003
1.845023809523829e-002	6.717899e+001	7.430050e+001	7.500743e-003
1.846023809523829e-002	8.614886e+001	7.362934e+001	1.831189e+001
1.847023809523830e-002	1.232831e+002	7.333512e+001	5.497229e+001
1.848023809523830e-002	1.420288e+002	7.341632e+001	7.343132e+001
1.854880952380975e-002	1.449422e+002	7.480751e+001	7.482251e+001
1.861738095238120e-002	1.477818e+002	7.616342e+001	7.617842e+001
1.868595238095265e-002	1.505476e+002	7.748407e+001	7.749907e+001
1.875452380952410e-002	1.532394e+002	7.876945e+001	7.878445e+001
1.882309523809555e-002	1.558575e+002	8.001957e+001	8.003457e+001
1.889166666666700e-002	1.584016e+002	8.123441e+001	8.124941e+001
1.896023809523845e-002	1.608719e+002	8.241399e+001	8.242899e+001
1.897023809523845e-002	1.208431e+002	8.252129e+001	8.253629e+001
1.898023809523845e-002	4.034065e+001	8.244103e+001	8.245603e+001
1.899023809523846e-002	4.500000e-002	8.217397e+001	8.218896e+001
1.904761904761914e-002	4.500000e-002	8.030720e+001	8.032220e+001
1.911261904761916e-002	4.500000e-002	7.824440e+001	7.825940e+001
1.912261904761916e-002	3.804621e+001	7.799411e+001	7.800911e+001
1.913261904761916e-002	1.141463e+002	7.793195e+001	7.794695e+001
1.914261904761917e-002	1.524400e+002	7.805716e+001	7.807216e+001
1.954261904761929e-002	1.668479e+002	8.498588e+001	8.500088e+001
1.955261904761929e-002	1.459157e+002	8.502052e+001	6.383235e+001
1.956261904761929e-002	1.038034e+002	8.468078e+001	2.129573e+001
1.957261904761930e-002	8.312315e+001	8.396815e+001	7.500840e-003
1.961547619047645e-002	8.595685e+001	8.041747e+001	7.500805e-003
1.965833333333361e-002	8.874431e+001	7.692472e+001	7.500770e-003
1.970119047619076e-002	9.148554e+001	7.348991e+001	7.500735e-003
1.974404761904792e-002	9.418054e+001	7.011303e+001	7.500702e-003
1.978690476190508e-002	9.682930e+001	6.679408e+001	7.500668e-003
1.982976190476223e-002	9.943182e+001	6.353307e+001	7.500636e-003
1.987261904761939e-002	1.019881e+002	6.032999e+001	7.500604e-003
1.988261904761939e-002	7.679810e+001	5.965228e+001	7.500597e-003
1.989261904761940e-002	2.567859e+001	5.916441e+001	7.500592e-003
1.990261904761940e-002	4.500000e-002	5.886562e+001	7.500589e-003
2.000000000000009e-002	4.500000e-002	5.661431e+001	7.500567e-003
2.008500000000012e-002	4.500000e-002	5.472014e+001	7.500548e-003
2.009500000000012e-002	2.373413e+001	5.443910e+001	7.500545e-003
2.010500000000012e-002	7.126723e+001	5.397206e+001	7.500540e-003
2.011500000000013e-002	9.542027e+001	5.331976e+001	7.500534e-003
2.016928571428586e-002	9.873585e+001	4.949259e+001	7.500496e-003
2.022357142857159e-002	1.019838e+002	4.574348e+001	7.500458e-003
2.027785714285732e-002	1.051641e+002	4.207243e+001	7.500421e-003
2.033214285714305e-002	1.082768e+002	3.847945e+001	7.500385e-003
2.038642857142878e-002	1.113219e+002	3.496454e+001	7.500350e-003
2.044071428571451e-002	1.142993e+002	3.152769e+001	7.500316e-003
2.049500000000024e-002	1.172091e+002	2.816890e+001	7.500282e-003
2.050500000000025e-002	1.245382e+002	2.768209e+001	6.871027e+000
2.051500000000025e-002	1.386373e+002	2.757147e+001	2.069541e+001
2.052500000000025e-002	1.458808e+002	2.783554e+001	2.785054e+001
2.056500000000026e-002	1.475308e+002	2.937640e+001	2.939140e+001
2.060500000000028e-002	1.491556e+002	3.089372e+001	3.090872e+001
2.064500000000029e-002	1.507552e+002	3.238749e+001	3.240249e+001
2.068500000000030e-002	1.523296e+002	3.385773e+001	3.387273e+001
2.072500000000031e-002	1.538788e+002	3.530442e+001	3.531942e+001
2.076500000000033e-002	1.554028e+002	3.672757e+001	3.674257e+001
2.080500000000034e-002	1.569015e+002	3.812717e+001	3.814217e+001
2.081500000000034e-002	1.178733e+002	3.841145e+001	3.842644e+001
2.082500000000034e-002	3.935202e+001	3.850745e+001	3.852245e+001
2.083500000000035e-002	4.500000e-002	3.841595e+001	3.843095e+001
2.095238095238105e-002	4.500000e-002	3.665205e+001	3.666705e+001
2.108738095238109e-002	4.500001e-002	3.472359e+001	3.473859e+001
2.109738095238109e-002	3.524568e+001	3.464721e+001	3.466221e+001
2.110738095238109e-002	1.057559e+002	3.475826e+001	3.477326e+001
2.111738095238110e-002	1.412827e+002	3.505600e+001	3.507100e+001
2.132738095238116e-002	1.500338e+002	4.229955e+001	4.231455e+001
2.133738095238116e-002	1.397552e+002	4.250478e+001	3.190302e+001
2.134738095238117e-002	1.188404e+002	4.233493e+001	1.066684e+001
2.135738095238117e-002	1.086864e+002	4.179151e+001	7.500418e-003
2.142452380952405e-002	1.124231e+002	3.737799e+001	7.500374e-003
2.149166666666693e-002	1.160669e+002	3.307421e+001	7.500331e-003
2.155880952380980e-002	1.196178e+002	2.888016e+001	7.500290e-003
2.162595238095268e-002	1.230758e+002	2.479585e+001	7.500249e-003
2.169309523809556e-002	1.264409e+002	2.082127e+001	7.500209e-003
2.176023809523844e-002	1.297131e+002	1.695642e+001	7.500170e-003
2.182738095238131e-002	1.328924e+002	1.320130e+001	7.500133e-003
2.183738095238132e-002	9.991447e+001	1.271192e+001	7.500128e-003
2.184738095238132e-002	3.337375e+001	1.241163e+001	7.500125e-003
2.185738095238132e-002	4.500000e-002	1.229966e+001	7.500124e-003
2.190476190476200e-002	4.500000e-002	1.206847e+001	7.500121e-003
2.194976190476201e-002	4.500000e-002	1.185301e+001	7.500119e-003
2.195976190476202e-002	3.189669e+001	1.174327e+001	7.500118e-003
2.196976190476202e-002	9.572229e+001	1.144685e+001	7.500115e-003
2.197976190476202e-002	1.279402e+002	1.096448e+001	7.500110e-003
2.200976190476203e-002	1.293946e+002	9.343098e+000	7.500094e-003
2.203976190476204e-002	1.308322e+002	7.740515e+000	7.500078e-003
2.206976190476205e-002	1.322530e+002	6.156729e+000	7.500062e-003
2.209976190476206e-002	1.336568e+002	4.591739e+000	7.500047e-003
2.212976190476207e-002	1.350439e+002	3.045545e+000	7.500031e-003
2.215976190476208e-002	1.364140e+002	1.518148e+000	7.500016e-003
2.218976190476209e-002	1.377673e+002	9.546716e-003	7.500001e-003
2.220976190476209e-002	1.386608e+002	-9.865373e-001	7.499991e-003
2.225547619047639e-002	1.406749e+002	-3.231773e+000	7.499968e-003
2.230119047619069e-002	1.426541e+002	-5.438061e+000	7.499946e-003
2.234690476190498e-002	1.445983e+002	-7.605403e+000	7.499924e-003
2.239261904761928e-002	1.465076e+002	-9.733798e+000	7.499903e-003
2.243833333333358e-002	1.483819e+002	-1.182325e+001	7.499882e-003
2.248404761904787e-002	1.502213e+002	-1.387375e+001	7.499862e-003
2.252976190476217e-002	1.520258e+002	-1.588530e+001	7.499842e-003
2.253976190476217e-002	1.482901e+002	-1.619608e+001	-4.054635e+000
2.254976190476216e-002	1.404429e+002	-1.613136e+001	-1.203791e+001
2.255976190476216e-002	1.367535e+002	-1.569264e+001	-1.567764e+001
2.261976190476214e-002	1.394369e+002	-1.235588e+001	-1.234088e+001
2.262976190476213e-002	1.048097e+002	-1.186988e+001	-1.185488e+001
2.263976190476213e-002	3.500333e+001	-1.157295e+001	-1.155795e+001
2.264976190476212e-002	4.500000e-002	-1.146433e+001	-1.144933e+001
2.285714285714296e-002	4.500000e-002	-1.055079e+001	-1.053579e+001
2.309214285714287e-002	4.500000e-002	-9.603338e+000	-9.588339e+000
2.310214285714287e-002	2.909132e+001	-9.502588e+000	-9.487588e+000
2.311214285714287e-002	8.731739e+001	-9.215116e+000	-9.200115e+000
2.312214285714286e-002	1.188776e+002	-8.866417e+000	-6.676741e+000
2.313214285714286e-002	1.237218e+002	-8.825559e+000	-2.080612e+000
2.314130645487803e-002	1.262061e+002	-9.131231e+000	7.499909e-003
2.322702074059228e-002	1.303645e+002	-1.302561e+001	7.499870e-003
2.331273502630654e-002	1.343936e+002	-1.679893e+001	7.499833e-003
2.339844931202079e-002	1.382934e+002	-2.045119e+001	7.499796e-003
2.348416359773504e-002	1.420639e+002	-2.398239e+001	7.499761e-003
2.356987788344929e-002	1.457052e+002	-2.739252e+001	7.499727e-003
2.365559216916355e-002	1.492172e+002	-3.068159e+001	7.499694e-003
2.374130645487780e-002	1.525999e+002	-3.384960e+001	7.499662e-003
2.375130645487780e-002	1.146557e+002	-3.415096e+001	7.499659e-003
2.376130645487779e-002	3.828093e+001	-3.426400e+001	7.499658e-003
2.377130645487779e-002	4.500000e-002	-3.418945e+001	7.499659e-003
2.380952380952391e-002	4.500000e-002	-3.367012e+001	7.499664e-003
2.384452380952391e-002	4.500000e-002	-3.320170e+001	7.499669e-003
2.385452380952390e-002	3.683076e+001	-3.313140e+001	7.499669e-003
2.386452380952390e-002	1.105048e+002	-3.324850e+001	7.499668e-003
2.387452380952389e-002	1.475976e+002	-3.355227e+001	7.499665e-003
2.395166666666672e-002	1.506992e+002	-3.632381e+001	7.499637e-003
2.402880952380955e-002	1.537132e+002	-3.901706e+001	7.499610e-003
2.410595238095238e-002	1.566395e+002	-4.163202e+001	7.499584e-003
2.418309523809520e-002	1.594783e+002	-4.416869e+001	7.499559e-003
2.426023809523803e-002	1.622294e+002	-4.662708e+001	7.499534e-003
2.433738095238086e-002	1.648929e+002	-4.900718e+001	7.499511e-003
2.441452380952369e-002	1.674688e+002	-5.130899e+001	7.499488e-003
2.442452380952368e-002	1.388140e+002	-5.166534e+001	7.499484e-003
2.443452380952368e-002	8.128986e+001	-5.220738e+001	7.499479e-003
2.444452380952367e-002	5.297939e+001	-5.293439e+001	7.499471e-003
2.455452380952363e-002	6.145983e+001	-6.141483e+001	7.499387e-003
2.456452380952363e-002	4.648298e+001	-6.204267e+001	-1.559531e+001
2.457452380952362e-002	1.558704e+001	-6.229375e+001	-4.673858e+001
2.458452380952362e-002	4.500000e-002	-6.216957e+001	-6.215457e+001
2.476190476190487e-002	4.500000e-002	-5.790700e+001	-5.789199e+001
2.492690476190481e-002	4.500000e-002	-5.420517e+001	-5.419017e+001
2.493690476190481e-002	1.361290e+001	-5.411331e+001	-4.053229e+001
2.494690476190480e-002	4.094399e+001	-5.439608e+001	-1.348771e+001
2.495690476190480e-002	5.509696e+001	-5.505196e+001	7.499450e-003
2.511690476190474e-002	6.717899e+001	-6.713399e+001	7.499329e-003
2.512690476190473e-002	8.614886e+001	-6.780135e+001	7.499322e-003
2.513690476190473e-002	1.232831e+002	-6.827892e+001	7.499318e-003
2.514690476190473e-002	1.420288e+002	-6.856744e+001	7.499315e-003
2.521547619047613e-002	1.449422e+002	-7.008972e+001	7.499300e-003
2.528404761904753e-002	1.477818e+002	-7.157340e+001	7.499285e-003
2.535261904761893e-002	1.505476e+002	-7.301850e+001	7.499270e-003
2.542119047619033e-002	1.532394e+002	-7.442500e+001	7.499256e-003
2.548976190476173e-002	1.558575e+002	-7.579291e+001	7.499243e-003
2.555833333333314e-002	1.584016e+002	-7.712222e+001	7.499229e-003
2.562690476190454e-002	1.608719e+002	-7.841295e+001	7.499217e-003
2.563690476190454e-002	1.208431e+002	-7.853623e+001	7.499215e-003
2.564690476190453e-002	4.034065e+001	-7.847190e+001	7.499216e-003
2.565690476190453e-002	4.500000e-002	-7.822070e+001	7.499218e-003
2.571428571428582e-002	4.500000e-002	-7.644373e+001	7.499236e-003
2.577928571428580e-002	4.500000e-002	-7.448018e+001	7.499256e-003
2.578928571428580e-002	3.804621e+001	-7.424493e+001	7.499258e-003
2.579928571428580e-002	1.141463e+002	-7.419775e+001	7.499259e-003
2.580928571428579e-002	1.524400e+002	-7.433788e+001	7.499257e-003
2.620928571428564e-002	1.668479e+002	-8.181702e+001	7.499183e-003
2.621928571428563e-002	1.459157e+002	-8.205146e+001	7.499180e-003
2.622928571428563e-002	1.038034e+002	-8.247208e+001	7.499176e-003
2.623928571428563e-002	8.312315e+001	-8.307816e+001	7.499170e-003
2.628214285714275e-002	8.595685e+001	-8.591185e+001	7.499142e-003
2.632499999999988e-002	8.874431e+001	-8.869932e+001	7.499114e-003
2.636785714285700e-002	9.148554e+001	-9.144055e+001	7.499086e-003
2.641071428571413e-002	9.418054e+001	-9.413554e+001	7.499059e-003
2.645357142857126e-002	9.682930e+001	-9.678430e+001	7.499033e-003
2.649642857142838e-002	9.943182e+001	-9.938683e+001	7.499007e-003
2.653928571428551e-002	1.019881e+002	-1.019431e+002	7.498981e-003
2.654928571428551e-002	7.679810e+001	-1.024090e+002	-2.564653e+001
2.655928571428550e-002	2.567859e+001	-1.024988e+002	-7.685207e+001
2.656928571428550e-002	4.500000e-002	-1.022139e+002	-1.021989e+002
2.666666666666678e-002	4.500001e-002	-9.830479e+001	-9.828979e+001
2.675166666666675e-002	4.500000e-002	-9.501576e+001	-9.500076e+001
2.676166666666675e-002	2.373413e+001	-9.476083e+001	-7.105857e+001
2.677166666666674e-002	7.126723e+001	-9.488116e+001	-2.364955e+001
2.678166666666674e-002	9.542027e+001	-9.537527e+001	7.499047e-003
2.683595238095243e-002	9.873585e+001	-9.869086e+001	7.499014e-003
2.689023809523812e-002	1.019838e+002	-1.019388e+002	7.498981e-003
2.694452380952382e-002	1.051641e+002	-1.051191e+002	7.498950e-003
2.699880952380951e-002	1.082768e+002	-1.082318e+002	7.498918e-003
2.705309523809521e-002	1.113219e+002	-1.112769e+002	7.498888e-003
2.710738095238090e-002	1.142993e+002	-1.142543e+002	7.498858e-003
2.716166666666659e-002	1.172091e+002	-1.171641e+002	7.498829e-003
2.717166666666659e-002	1.245382e+002	-1.176316e+002	7.498824e-003
2.718166666666658e-002	1.386373e+002	-1.179100e+002	7.498821e-003
2.719166666666658e-002	1.458808e+002	-1.180002e+002	7.498821e-003
2.723166666666656e-002	1.475308e+002	-1.181094e+002	7.498820e-003
2.727166666666655e-002	1.491556e+002	-1.182169e+002	7.498819e-003
2.731166666666653e-002	1.507552e+002	-1.183227e+002	7.498818e-003
2.735166666666652e-002	1.523296e+002	-1.184269e+002	7.498817e-003
2.739166666666650e-002	1.538788e+002	-1.185294e+002	7.498815e-003
2.743166666666649e-002	1.554028e+002	-1.186302e+002	7.498814e-003
2.747166666666647e-002	1.569015e+002	-1.187294e+002	7.498813e-003
2.748166666666647e-002	1.178733e+002	-1.186915e+002	7.498814e-003
2.749166666666646e-002	3.935202e+001	-1.184667e+002	7.498816e-003
2.750166666666646e-002	4.500000e-002	-1.180557e+002	7.498820e-003
2.761904761904773e-002	4.500000e-002	-1.126351e+002	7.498874e-003
2.775404761904769e-002	4.500000e-002	-1.067088e+002	7.498933e-003
2.776404761904768e-002	3.524568e+001	-1.063447e+002	7.498937e-003
2.777404761904768e-002	1.057559e+002	-1.061693e+002	7.498939e-003
2.778404761904767e-002	1.412827e+002	-1.061817e+002	7.498939e-003
2.799404761904759e-002	1.500338e+002	-1.076892e+002	7.498924e-003
2.800404761904759e-002	1.397552e+002	-1.078203e+002	7.498923e-003
2.801404761904758e-002	1.188404e+002	-1.081379e+002	7.498919e-003
2.802404761904758e-002	1.086864e+002	-1.086414e+002	7.498914e-003
2.809119047619041e-002	1.124231e+002	-1.123781e+002	7.498877e-003
2.815833333333324e-002	1.160669e+002	-1.160220e+002	7.498840e-003
2.822547619047608e-002	1.196178e+002	-1.195729e+002	7.498805e-003
2.829261904761890e-002	1.230758e+002	-1.230309e+002	7.498770e-003
2.835976190476174e-002	1.264409e+002	-1.263959e+002	7.498736e-003
2.842690476190457e-002	1.297131e+002	-1.296681e+002	7.498704e-003
2.849404761904740e-002	1.328924e+002	-1.328474e+002	7.498672e-003
2.850404761904739e-002	9.991447e+001	-1.331898e+002	-3.331095e+001
2.851404761904739e-002	3.337375e+001	-1.331566e+002	-9.981470e+001
2.852404761904739e-002	4.500000e-002	-1.327492e+002	-1.327342e+002
2.857142857142869e-002	4.500000e-002	-1.302540e+002	-1.302390e+002
2.861642857142868e-002	4.500000e-002	-1.279286e+002	-1.279136e+002
2.862642857142867e-002	3.189669e+001	-1.275422e+002	-9.567737e+001
2.863642857142867e-002	9.572229e+001	-1.275315e+002	-3.184485e+001
2.864642857142866e-002	1.279402e+002	-1.278952e+002	7.498722e-003
2.867642857142865e-002	1.293946e+002	-1.293496e+002	7.498707e-003
2.870642857142864e-002	1.308322e+002	-1.307872e+002	7.498693e-003
2.873642857142863e-002	1.322530e+002	-1.322080e+002	7.498678e-003
2.876642857142862e-002	1.336568e+002	-1.336118e+002	7.498664e-003
2.879642857142861e-002	1.350439e+002	-1.349988e+002	7.498650e-003
2.882642857142859e-002	1.364140e+002	-1.363690e+002	7.498637e-003
2.885642857142858e-002	1.377673e+002	-1.377223e+002	7.498623e-003
2.887642857142857e-002	1.386608e+002	-1.386158e+002	7.498614e-003
2.892214285714284e-002	1.406749e+002	-1.406299e+002	7.498594e-003
2.896785714285711e-002	1.426541e+002	-1.426091e+002	7.498575e-003
2.901357142857138e-002	1.445983e+002	-1.445533e+002	7.498555e-003
2.905928571428565e-002	1.465076e+002	-1.464626e+002	7.498536e-003
2.910499999999991e-002	1.483819e+002	-1.483369e+002	7.498517e-003
2.915071428571418e-002	1.502213e+002	-1.501763e+002	7.498499e-003
2.919642857142845e-002	1.520258e+002	-1.519808e+002	7.498481e-003
2.920642857142845e-002	1.482901e+002	-1.523091e+002	7.498478e-003
2.921642857142844e-002	1.404429e+002	-1.524490e+002	7.498476e-003
2.922642857142844e-002	1.367535e+002	-1.524012e+002	7.498477e-003
2.928642857142842e-002	1.394369e+002	-1.517478e+002	7.498483e-003
2.929642857142841e-002	1.048097e+002	-1.515780e+002	7.498485e-003
2.930642857142841e-002	3.500333e+001	-1.512218e+002	7.498488e-003
2.931642857142840e-002	4.500000e-002	-1.506799e+002	7.498494e-003
2.952380952380964e-002	4.500000e-002	-1.386729e+002	7.498614e-003
2.975880952380956e-002	4.500000e-002	-1.262202e+002	7.498738e-003
2.976880952380955e-002	2.909132e+001	-1.257782e+002	7.498743e-003
2.977880952380955e-002	8.731739e+001	-1.255251e+002	7.498745e-003
2.978880952380954e-002	1.188776e+002	-1.255225e+002	7.498745e-003
2.979880952380954e-002	1.237218e+002	-1.257667e+002	7.498743e-003
2.980797312154520e-002	1.262061e+002	-1.261611e+002	7.498739e-003
2.982797312154519e-002	1.271918e+002	-1.271469e+002	7.498729e-003
2.991083026440230e-002	1.311825e+002	-1.311375e+002	7.498689e-003
2.999368740725941e-002	1.350528e+002	-1.350078e+002	7.498651e-003
3.007654455011652e-002	1.388028e+002	-1.387579e+002	7.498613e-003
3.015940169297364e-002	1.424326e+002	-1.423876e+002	7.498577e-003
3.024225883583075e-002	1.459420e+002	-1.458970e+002	7.498542e-003
3.032511597868786e-002	1.493311e+002	-1.492861e+002	7.498508e-003
3.040797312154497e-002	1.525999e+002	-1.525549e+002	7.498475e-003
3.041797312154496e-002	1.146557e+002	-1.528186e+002	-3.819851e+001
3.042797312154496e-002	3.828093e+001	-1.527069e+002	-1.144579e+002
3.043797312154496e-002	4.500000e-002	-1.522215e+002	-1.522065e+002
3.047619047619059e-002	4.500000e-002	-1.499093e+002	-1.498942e+002
3.051119047619059e-002	4.500000e-002	-1.478237e+002	-1.478087e+002
3.052119047619058e-002	3.683076e+001	-1.473577e+002	-1.105588e+002
3.053119047619058e-002	1.105048e+002	-1.472679e+002	-3.679872e+001
3.054119047619058e-002	1.475976e+002	-1.475526e+002	7.498525e-003
3.061833333333340e-002	1.506992e+002	-1.506542e+002	7.498494e-003
3.069547619047623e-002	1.537132e+002	-1.536682e+002	7.498464e-003
3.077261904761906e-002	1.566395e+002	-1.565945e+002	7.498435e-003
3.084976190476188e-002	1.594783e+002	-1.594333e+002	7.498406e-003
3.092690476190471e-002	1.622294e+002	-1.621844e+002	7.498379e-003
3.100404761904754e-002	1.648929e+002	-1.648479e+002	7.498352e-003
3.108119047619037e-002	1.674688e+002	-1.674238e+002	7.498326e-003
3.109119047619036e-002	1.388140e+002	-1.676904e+002	7.498323e-003
3.110119047619036e-002	8.128986e+001	-1.677689e+002	7.498323e-003
3.111119047619036e-002	5.297939e+001	-1.676598e+002	7.498324e-003
3.122119047619031e-002	6.145983e+001	-1.658163e+002	7.498343e-003
3.123119047619031e-002	4.648298e+001	-1.655903e+002	7.498344e-003
3.124119047619030e-002	1.558704e+001	-1.651781e+002	7.498349e-003
3.125119047619030e-002	4.500000e-002	-1.645805e+002	7.498355e-003
3.142857142857155e-002	4.500000e-002	-1.532962e+002	7.498468e-003
3.159357142857149e-002	4.500000e-002	-1.434964e+002	7.498566e-003
3.160357142857149e-002	1.361290e+001	-1.429854e+002	7.498571e-003
3.161357142857148e-002	4.094399e+001	-1.426635e+002	7.498574e-003
3.162357142857148e-002	5.509696e+001	-1.425301e+002	7.498575e-003
3.178357142857142e-002	6.717899e+001	-1.414345e+002	7.498586e-003
3.179357142857141e-002	8.614886e+001	-1.414307e+002	7.498587e-003
3.180357142857141e-002	1.232831e+002	-1.416140e+002	7.498585e-003
3.181357142857141e-002	1.420288e+002	-1.419838e+002	7.498581e-003
3.188214285714281e-002	1.449422e+002	-1.448972e+002	7.498552e-003
3.195071428571421e-002	1.477818e+002	-1.477368e+002	7.498523e-003
3.201928571428561e-002	1.505476e+002	-1.505026e+002	7.498495e-003
3.208785714285702e-002	1.532394e+002	-1.531945e+002	7.498468e-003
3.215642857142842e-002	1.558575e+002	-1.558125e+002	7.498442e-003
3.222499999999982e-002	1.584016e+002	-1.583566e+002	7.498417e-003
3.229357142857122e-002	1.608719e+002	-1.608269e+002	7.498392e-003
3.230357142857122e-002	1.208431e+002	-1.610575e+002	-4.025001e+001
3.231357142857121e-002	4.034065e+001	-1.609129e+002	-1.206041e+002
3.232357142857121e-002	4.500000e-002	-1.603947e+002	-1.603797e+002
3.238095238095250e-002	4.500000e-002	-1.567509e+002	-1.567359e+002
3.244595238095249e-002	4.500000e-002	-1.527246e+002	-1.527096e+002
3.245595238095248e-002	3.804621e+001	-1.522390e+002	-1.142247e+002
3.246595238095248e-002	1.141463e+002	-1.521297e+002	-3.801905e+001
3.247595238095247e-002	1.524400e+002	-1.523950e+002	7.498477e-003
3.287595238095232e-002	1.668479e+002	-1.668029e+002	7.498333e-003
3.288595238095231e-002	1.459157e+002	-1.670720e+002	7.498330e-003
3.289595238095231e-002	1.038034e+002	-1.671529e+002	7.498329e-003
3.290595238095231e-002	8.312315e+001	-1.670463e+002	7.498330e-003
3.294880952380944e-002	8.595685e+001	-1.663293e+002	7.498337e-003
3.299166666666656e-002	8.874431e+001	-1.656240e+002	7.498344e-003
3.303452380952369e-002	9.148554e+001	-1.649304e+002	7.498351e-003
3.307738095238081e-002	9.418054e+001	-1.642486e+002	7.498358e-003
3.312023809523794e-002	9.682930e+001	-1.635784e+002	7.498365e-003
3.316309523809506e-002	9.943182e+001	-1.629199e+002	7.498371e-003
3.320595238095219e-002	1.019881e+002	-1.622731e+002	7.498378e-003
3.321595238095219e-002	7.679810e+001	-1.620613e+002	7.498380e-003
3.322595238095218e-002	2.567859e+001	-1.616632e+002	7.498384e-003
3.323595238095218e-002	4.500000e-002	-1.610796e+002	7.498390e-003
3.333333333333346e-002	4.500000e-002	-1.549191e+002	7.498452e-003
3.341833333333343e-002	4.500000e-002	-1.497359e+002	7.498503e-003
3.342833333333343e-002	2.373413e+001	-1.491999e+002	7.498508e-003
3.343833333333342e-002	7.126723e+001	-1.488532e+002	7.498512e-003
3.344833333333342e-002	9.542027e+001	-1.486950e+002	7.498513e-003
3.350261904761911e-002	9.873585e+001	-1.481834e+002	7.498519e-003
3.355690476190481e-002	1.019838e+002	-1.476823e+002	7.498524e-003
3.361119047619050e-002	1.051641e+002	-1.471916e+002	7.498529e-003
3.366547619047619e-002	1.082768e+002	-1.467113e+002	7.498534e-003
3.371976190476188e-002	1.113219e+002	-1.462414e+002	7.498538e-003
3.377404761904758e-002	1.142993e+002	-1.457820e+002	7.498543e-003
3.382833333333327e-002	1.172091e+002	-1.453330e+002	7.498547e-003
3.383833333333327e-002	1.245382e+002	-1.453137e+002	7.498547e-003
3.384833333333327e-002	1.386373e+002	-1.454815e+002	7.498546e-003
3.385833333333326e-002	1.458808e+002	-1.458358e+002	7.498542e-003
3.389833333333325e-002	1.475308e+002	-1.474858e+002	7.498526e-003
3.393833333333323e-002	1.491556e+002	-1.491106e+002	7.498509e-003
3.397833333333322e-002	1.507552e+002	-1.507102e+002	7.498493e-003
3.401833333333320e-002	1.523296e+002	-1.522846e+002	7.498478e-003
3.405833333333318e-002	1.538788e+002	-1.538338e+002	7.498462e-003
3.409833333333317e-002	1.554028e+002	-1.553578e+002	7.498447e-003
3.413833333333315e-002	1.569015e+002	-1.568565e+002	7.498432e-003
3.414833333333315e-002	1.178733e+002	-1.571030e+002	-3.926533e+001
3.415833333333315e-002	3.935202e+001	-1.569742e+002	-1.176540e+002
3.416833333333314e-002	4.500000e-002	-1.564717e+002	-1.564567e+002
3.428571428571441e-002	4.500001e-002	-1.492871e+002	-1.492721e+002
3.442071428571437e-002	4.500000e-002	-1.414324e+002	-1.414174e+002
3.443071428571436e-002	3.524568e+001	-1.409919e+002	-1.057781e+002
3.444071428571436e-002	1.057559e+002	-1.409276e+002	-3.520729e+001
3.445071428571436e-002	1.412827e+002	-1.412377e+002	7.498588e-003
3.466071428571427e-002	1.500338e+002	-1.499888e+002	7.498501e-003
3.467071428571427e-002	1.397552e+002	-1.503250e+002	7.498497e-003
3.468071428571427e-002	1.188404e+002	-1.504728e+002	7.498496e-003
3.469071428571426e-002	1.086864e+002	-1.504329e+002	7.498496e-003
3.475785714285709e-002	1.124231e+002	-1.497561e+002	7.498503e-003
3.482499999999993e-002	1.160669e+002	-1.490962e+002	7.498509e-003
3.489214285714275e-002	1.196178e+002	-1.484530e+002	7.498516e-003
3.495928571428559e-002	1.230758e+002	-1.478267e+002	7.498522e-003
3.502642857142842e-002	1.264409e+002	-1.472172e+002	7.498528e-003
3.509357142857125e-002	1.297131e+002	-1.466245e+002	7.498534e-003
3.516071428571408e-002	1.328924e+002	-1.460487e+002	7.498540e-003
3.517071428571408e-002	9.991447e+001	-1.459017e+002	7.498541e-003
3.518071428571407e-002	3.337375e+001	-1.455682e+002	7.498545e-003
3.519071428571407e-002	4.500000e-002	-1.450489e+002	7.498550e-003
3.523809523809537e-002	4.500000e-002	-1.423225e+002	7.498577e-003
3.528309523809536e-002	4.500000e-002	-1.397816e+002	7.498603e-003
3.529309523809535e-002	3.189669e+001	-1.392855e+002	7.498608e-003
3.530309523809535e-002	9.572229e+001	-1.389784e+002	7.498611e-003
3.531309523809535e-002	1.279402e+002	-1.388596e+002	7.498612e-003
3.534309523809533e-002	1.293946e+002	-1.386927e+002	7.498614e-003
3.537309523809532e-002	1.308322e+002	-1.385277e+002	7.498615e-003
3.540309523809531e-002	1.322530e+002	-1.383647e+002	7.498617e-003
3.543309523809530e-002	1.336568e+002	-1.382036e+002	7.498619e-003
3.546309523809529e-002	1.350439e+002	-1.380444e+002	7.498620e-003
3.549309523809528e-002	1.364140e+002	-1.378872e+002	7.498622e-003
3.552309523809526e-002	1.377673e+002	-1.377318e+002	7.498623e-003
3.554309523809526e-002	1.386608e+002	-1.376293e+002	7.498624e-003
3.558880952380952e-002	1.406749e+002	-1.373982e+002	7.498627e-003
3.563452380952379e-002	1.426541e+002	-1.371710e+002	7.498629e-003
3.568023809523806e-002	1.445983e+002	-1.369479e+002	7.498631e-003
3.572595238095233e-002	1.465076e+002	-1.367288e+002	7.498633e-003
3.577166666666660e-002	1.483819e+002	-1.365137e+002	7.498635e-003
3.581738095238087e-002	1.502213e+002	-1.363026e+002	7.498638e-003
3.586309523809513e-002	1.520258e+002	-1.360955e+002	7.498640e-003
3.587309523809513e-002	1.482901e+002	-1.361130e+002	7.498640e-003
3.588309523809512e-002	1.404429e+002	-1.363176e+002	7.498638e-003
3.589309523809512e-002	1.367535e+002	-1.367085e+002	7.498634e-003
3.595309523809510e-002	1.394369e+002	-1.393919e+002	7.498607e-003
3.596309523809509e-002	1.048097e+002	-1.397081e+002	-3.493401e+001
3.597309523809509e-002	3.500333e+001	-1.396488e+002	-1.046774e+002
3.598309523809509e-002	4.500000e-002	-1.392156e+002	-1.392006e+002
3.619047619047632e-002	4.500000e-002	-1.281221e+002	-1.281071e+002
3.642547619047624e-002	4.500000e-002	-1.166169e+002	-1.166019e+002
3.643547619047623e-002	2.909132e+001	-1.162756e+002	-8.721619e+001
3.644547619047623e-002	8.731739e+001	-1.163100e+002	-2.902823e+001
3.645547619047623e-002	1.188776e+002	-1.166561e+002	7.498834e-003
3.646547619047622e-002	1.237218e+002	-1.169412e+002	7.498831e-003
3.647463978821195e-002	1.262061e+002	-1.170299e+002	7.498830e-003
3.656035407392620e-002	1.303645e+002	-1.172939e+002	7.498827e-003
3.664606835964045e-002	1.343936e+002	-1.175496e+002	7.498825e-003
3.673178264535471e-002	1.382934e+002	-1.177972e+002	7.498822e-003
3.681749693106896e-002	1.420639e+002	-1.180365e+002	7.498820e-003
3.690321121678322e-002	1.457052e+002	-1.182677e+002	7.498818e-003
3.698892550249747e-002	1.492172e+002	-1.184906e+002	7.498815e-003
3.707463978821172e-002	1.525999e+002	-1.187053e+002	7.498813e-003
3.708463978821171e-002	1.146557e+002	-1.186676e+002	7.498814e-003
3.709463978821171e-002	3.828093e+001	-1.184429e+002	7.498816e-003
3.710463978821171e-002	4.500000e-002	-1.180320e+002	7.498820e-003
3.714285714285728e-002	4.500000e-002	-1.162391e+002	7.498838e-003
3.717785714285727e-002	4.500000e-002	-1.146220e+002	7.498854e-003
3.718785714285727e-002	3.683076e+001	-1.142263e+002	7.498858e-003
3.719785714285726e-002	1.105048e+002	-1.140194e+002	7.498860e-003
3.720785714285726e-002	1.475976e+002	-1.140004e+002	7.498861e-003
3.728500000000008e-002	1.506992e+002	-1.143304e+002	7.498858e-003
3.736214285714291e-002	1.537132e+002	-1.146511e+002	7.498854e-003
3.743928571428574e-002	1.566395e+002	-1.149625e+002	7.498851e-003
3.751642857142857e-002	1.594783e+002	-1.152646e+002	7.498848e-003
3.759357142857139e-002	1.622294e+002	-1.155573e+002	7.498845e-003
3.767071428571422e-002	1.648929e+002	-1.158408e+002	7.498842e-003
3.774785714285705e-002	1.674688e+002	-1.161149e+002	7.498839e-003
3.775785714285704e-002	1.388140e+002	-1.160251e+002	-2.891206e+001
3.776785714285704e-002	8.128986e+001	-1.155615e+002	-8.651087e+001
3.777785714285704e-002	5.297939e+001	-1.147254e+002	-1.147104e+002
3.788785714285699e-002	6.145983e+001	-1.044015e+002	-1.043865e+002
3.789785714285699e-002	4.648298e+001	-1.035477e+002	-1.035327e+002
3.790785714285699e-002	1.558704e+001	-1.028844e+002	-1.028694e+002
3.791785714285698e-002	4.500000e-002	-1.024109e+002	-1.023959e+002
3.809523809523823e-002	4.500000e-002	-9.538922e+001	-9.537422e+001
3.826023809523817e-002	4.500000e-002	-8.929126e+001	-8.927626e+001
3.827023809523817e-002	1.361290e+001	-8.887208e+001	-8.885707e+001
3.828023809523817e-002	4.094399e+001	-8.826744e+001	-8.825244e+001
3.829023809523816e-002	5.509696e+001	-8.747810e+001	-8.746310e+001
3.845023809523810e-002	6.717899e+001	-7.430050e+001	-7.428549e+001
3.846023809523810e-002	8.614886e+001	-7.362934e+001	-5.531370e+001
3.847023809523809e-002	1.232831e+002	-7.333512e+001	-1.836657e+001
3.848023809523809e-002	1.420288e+002	-7.341632e+001	7.499266e-003
3.854880952380949e-002	1.449422e+002	-7.480751e+001	7.499253e-003
3.861738095238089e-002	1.477818e+002	-7.616342e+001	7.499239e-003
3.868595238095229e-002	1.505476e+002	-7.748407e+001	7.499226e-003
3.875452380952370e-002	1.532394e+002	-7.876945e+001	7.499213e-003
3.882309523809510e-002	1.558575e+002	-8.001957e+001	7.499201e-003
3.889166666666650e-002	1.584016e+002	-8.123441e+001	7.499188e-003
3.896023809523790e-002	1.608719e+002	-8.241399e+001	7.499177e-003
3.897023809523790e-002	1.208431e+002	-8.252129e+001	7.499175e-003
3.898023809523789e-002	4.034065e+001	-8.244103e+001	7.499176e-003
3.899023809523789e-002	4.500000e-002	-8.217397e+001	7.499179e-003
3.904761904761919e-002	4.500000e-002	-8.030720e+001	7.499197e-003
3.911261904761917e-002	4.500000e-002	-7.824440e+001	7.499218e-003
3.912261904761916e-002	3.804621e+001	-7.799411e+001	7.499221e-003
3.913261904761916e-002	1.141463e+002	-7.793195e+001	7.499221e-003
3.914261904761916e-002	1.524400e+002	-7.805716e+001	7.499220e-003
3.954261904761900e-002	1.668479e+002	-8.498588e+001	7.499151e-003
3.955261904761900e-002	1.459157e+002	-8.502052e+001	-2.119192e+001
3.956261904761899e-002	1.038034e+002	-8.468078e+001	-6.338130e+001
3.957261904761899e-002	8.312315e+001	-8.396815e+001	-8.395315e+001
3.978261904761891e-002	9.656460e+001	-6.712576e+001	-6.711076e+001
3.979261904761890e-002	9.717691e+001	-6.635852e+001	-6.634352e+001
3.987261904761887e-002	1.019881e+002	-6.032999e+001	-6.031499e+001
3.988261904761887e-002	7.679810e+001	-5.965228e+001	-5.963728e+001
3.989261904761886e-002	2.567859e+001	-5.916441e+001	-5.914941e+001
3.990261904761886e-002	4.500000e-002	-5.886562e+001	-5.885061e+001
3.999000000000014e-002	4.500000e-002	-5.684161e+001	-5.682661e+001
4.000000000000000e-002	4.500000e-002	-5.661431e+001	-5.659930e+001
